### Object Information: list 2 ###
id;completetype;nlines;linenum;objnumintext;nwordsinline;objnuminline;x;y;width;height;linelength;wordlength;text
001;CNDB;4;0;0;12;0;82;166;38;50;59;3;Jan
001;CNDB;4;0;1;12;1;120;166;38;50;59;2;en
001;CNDB;4;0;2;12;2;158;166;76;50;59;5;Marie
001;CNDB;4;0;3;12;3;234;166;75;50;59;5;zaten
001;CNDB;4;0;4;12;4;309;166;38;50;59;2;na
001;CNDB;4;0;5;12;5;347;166;51;50;59;3;een
001;CNDB;4;0;6;12;6;398;166;76;50;59;5;lange
001;CNDB;4;0;7;12;7;474;166;102;50;59;7;werkdag
001;CNDB;4;0;8;12;8;576;166;75;50;59;5;samen
001;CNDB;4;0;9;12;9;651;166;38;50;59;2;te
001;CNDB;4;0;10;12;10;689;166;102;50;59;7;wachten
001;CNDB;4;0;11;12;11;791;166;37;50;59;2;in
001;CNDB;4;1;12;8;0;82;216;25;50;58;2;de
001;CNDB;4;1;13;8;1;107;216;253;50;58;19;stationsrestauratie
001;CNDB;4;1;14;8;2;360;216;38;50;58;2;in
001;CNDB;4;1;15;8;3;398;216;139;50;58;10;Amsterdam.
001;CNDB;4;1;16;8;4;537;216;51;50;58;3;Jan
001;CNDB;4;1;17;8;5;588;216;75;50;58;5;vroeg
001;CNDB;4;1;18;8;6;663;216;51;50;58;3;een
001;CNDB;4;1;19;8;7;714;216;102;50;58;7;broodje
001;CNDB;4;2;20;11;0;82;266;38;50;54;3;met
001;CNDB;4;2;21;11;1;120;266;64;50;54;4;ham,
001;CNDB;4;2;22;11;2;184;266;37;50;54;2;en
001;CNDB;4;2;23;11;3;221;266;76;50;54;5;Marie
001;CNDB;4;2;24;11;4;297;266;51;50;54;3;een
001;CNDB;4;2;25;11;5;348;266;88;50;54;6;koffie
001;CNDB;4;2;26;11;6;436;266;51;50;54;3;met
001;CNDB;4;2;27;11;7;487;266;75;50;54;5;melk.
001;CNDB;4;2;28;11;8;562;266;38;50;54;2;De
001;CNDB;4;2;29;11;9;600;266;114;50;54;8;stemming
001;CNDB;4;2;30;11;10;714;266;51;50;54;3;was
001;CNDB;4;3;31;11;0;82;316;51;50;61;4;niet
001;CNDB;4;3;32;11;1;133;316;75;50;61;5;best,
001;CNDB;4;3;33;11;2;208;316;76;50;61;5;omdat
001;CNDB;4;3;34;11;3;284;316;38;50;61;2;de
001;CNDB;4;3;35;11;4;322;316;76;50;61;5;trein
001;CNDB;4;3;36;11;5;398;316;64;50;61;4;meer
001;CNDB;4;3;37;11;6;462;316;50;50;61;3;dan
001;CNDB;4;3;38;11;7;512;316;38;50;61;2;30
001;CNDB;4;3;39;11;8;550;316;101;50;61;7;minuten
001;CNDB;4;3;40;11;9;651;316;139;50;61;10;vertraging
001;CNDB;4;3;41;11;10;790;316;64;50;61;4;had.
001;QCNDB;1;0;0;4;0;82;279;38;50;19;3;Jan
001;QCNDB;1;0;1;4;1;120;279;38;50;19;2;at
001;QCNDB;1;0;2;4;2;158;279;51;50;19;3;een
001;QCNDB;1;0;3;4;3;209;279;113;50;19;8;broodje.
002;CNDA;4;0;0;12;0;82;166;51;50;61;4;Roos
002;CNDA;4;0;1;12;1;133;166;37;50;61;2;en
002;CNDA;4;0;2;12;2;170;166;64;50;61;4;Lisa
002;CNDA;4;0;3;12;3;234;166;88;50;61;6;hadden
002;CNDA;4;0;4;12;4;322;166;139;50;61;10;aangeboden
002;CNDA;4;0;5;12;5;461;166;51;50;61;3;het
002;CNDA;4;0;6;12;6;512;166;64;50;61;4;huis
002;CNDA;4;0;7;12;7;576;166;50;50;61;3;van
002;CNDA;4;0;8;12;8;626;166;50;50;61;3;oma
002;CNDA;4;0;9;12;9;676;166;64;50;61;4;eens
002;CNDA;4;0;10;12;10;740;166;75;50;61;5;flink
002;CNDA;4;0;11;12;11;815;166;38;50;61;2;op
002;CNDA;4;1;12;11;0;82;216;25;50;60;2;te
002;CNDA;4;1;13;11;1;107;216;102;50;60;7;knappen
002;CNDA;4;1;14;11;2;209;216;37;50;60;2;en
002;CNDA;4;1;15;11;3;246;216;89;50;60;6;schoon
002;CNDA;4;1;16;11;4;335;216;38;50;60;2;te
002;CNDA;4;1;17;11;5;373;216;88;50;60;6;maken.
002;CNDA;4;1;18;11;6;461;216;64;50;60;4;Roos
002;CNDA;4;1;19;11;7;525;216;113;50;60;8;schuurde
002;CNDA;4;1;20;11;8;638;216;51;50;60;3;het
002;CNDA;4;1;21;11;9;689;216;114;50;60;8;houtwerk
002;CNDA;4;1;22;11;10;803;216;37;50;60;2;in
002;CNDA;4;2;23;12;0;82;266;25;50;54;2;de
002;CNDA;4;2;24;12;1;107;266;76;50;54;5;gang,
002;CNDA;4;2;25;12;2;183;266;38;50;54;2;en
002;CNDA;4;2;26;12;3;221;266;64;50;54;4;Lisa
002;CNDA;4;2;27;12;4;285;266;50;50;54;3;het
002;CNDA;4;2;28;12;5;335;266;89;50;54;6;tapijt
002;CNDA;4;2;29;12;6;424;266;37;50;54;2;in
002;CNDA;4;2;30;12;7;461;266;38;50;54;2;de
002;CNDA;4;2;31;12;8;499;266;89;50;54;6;kamer.
002;CNDA;4;2;32;12;9;588;266;50;50;54;3;Oma
002;CNDA;4;2;33;12;10;638;266;64;50;54;4;wist
002;CNDA;4;2;34;12;11;702;266;63;50;54;4;niet
002;CNDA;4;3;35;11;0;82;316;38;50;52;3;wat
002;CNDA;4;3;36;11;1;120;316;38;50;52;2;ze
002;CNDA;4;3;37;11;2;158;316;51;50;52;3;zag
002;CNDA;4;3;38;11;3;209;316;37;50;52;2;en
002;CNDA;4;3;39;11;4;246;316;114;50;52;8;bedankte
002;CNDA;4;3;40;11;5;360;316;38;50;52;2;de
002;CNDA;4;3;41;11;6;398;316;76;50;52;5;dames
002;CNDA;4;3;42;11;7;474;316;51;50;52;3;met
002;CNDA;4;3;43;11;8;525;316;50;50;52;3;een
002;CNDA;4;3;44;11;9;575;316;51;50;52;3;bos
002;CNDA;4;3;45;11;10;626;316;113;50;52;8;bloemen.
